67
0.7
0.7
0.3
60
20
2 8
7 19
14 18
16 15
10 18
5 2
13 1
8 8
17 9
7 3
17 19
8 19
19 14
3 13
10 12
0 1
9 6
3 7
1 16
13 14
10
10
0.00000,0.00000,0.00000,0.00000,0.00000,0.00000,0.00000,0.00000,1.00000,0.00000,0.00000,0.00000,0.00000,0.00000,0.00000,0.00000,1.00000,0.00000,1.00000,0.00000
0.00000,0.00000,0.00000,0.00000,0.00000,0.00000,0.00000,1.00000,0.00000,0.00000,1.00000,1.00000,0.00000,0.00000,0.00000,1.00000,0.00000,0.00000,1.00000,0.00000
0.00000,0.00000,0.00000,0.00000,0.00000,1.00000,0.00000,1.00000,0.00000,0.00000,1.00000,0.00000,0.00000,0.00000,0.00000,0.00000,1.00000,0.00000,0.00000,0.00000
1.00000,0.00000,0.00000,0.00000,1.00000,0.00000,0.00000,0.00000,0.00000,0.00000,0.00000,0.00000,0.00000,0.00000,0.00000,0.00000,0.00000,0.00000,0.00000,1.00000
0.00000,0.00000,0.00000,0.00000,0.00000,0.00000,0.00000,1.00000,0.00000,0.00000,0.00000,0.00000,0.00000,0.00000,0.00000,1.00000,0.00000,0.00000,0.00000,0.00000
0.00000,0.00000,0.00000,0.00000,0.00000,0.00000,0.00000,0.00000,0.00000,0.00000,0.00000,0.00000,0.00000,0.00000,0.00000,1.00000,0.00000,1.00000,0.00000,0.00000
0.00000,0.00000,0.00000,0.00000,0.00000,1.00000,1.00000,0.00000,0.00000,0.00000,0.00000,0.00000,0.00000,1.00000,1.00000,1.00000,0.00000,0.00000,0.00000,0.00000
0.00000,1.00000,0.00000,0.00000,0.00000,0.00000,0.00000,0.00000,0.00000,0.00000,0.00000,1.00000,0.00000,0.00000,0.00000,1.00000,0.00000,0.00000,0.00000,0.00000
0.00000,0.00000,0.00000,0.00000,0.00000,0.00000,0.00000,0.00000,0.00000,0.00000,0.00000,1.00000,0.00000,0.00000,0.00000,0.00000,0.00000,0.00000,0.00000,0.00000
1.00000,0.00000,0.00000,0.00000,0.00000,1.00000,0.00000,0.00000,0.00000,0.00000,1.00000,1.00000,0.00000,1.00000,0.00000,0.00000,0.00000,1.00000,1.00000,0.00000
0.00000,0.00000,0.00000,1.00000,0.00000,1.00000,0.00000,0.00000,0.00000,0.00000,0.00000,0.00000,0.00000,0.00000,0.00000,1.00000,0.00000,0.00000,0.00000,0.00000
0.00000,1.00000,1.00000,0.00000,0.00000,0.00000,0.00000,0.00000,0.00000,0.00000,0.00000,1.00000,0.00000,1.00000,1.00000,0.00000,0.00000,0.00000,0.00000,0.00000
0.00000,0.00000,0.00000,0.00000,1.00000,0.00000,0.00000,0.00000,0.00000,0.00000,0.00000,0.00000,1.00000,0.00000,0.00000,0.00000,1.00000,0.00000,0.00000,0.00000
0.00000,0.00000,0.00000,0.00000,0.00000,0.00000,1.00000,0.00000,0.00000,0.00000,0.00000,0.00000,1.00000,0.00000,0.00000,0.00000,0.00000,0.00000,0.00000,0.00000
0.00000,0.00000,1.00000,0.00000,0.00000,0.00000,1.00000,0.00000,0.00000,0.00000,0.00000,1.00000,0.00000,1.00000,1.00000,0.00000,0.00000,1.00000,0.00000,0.00000
0.00000,1.00000,0.00000,0.00000,0.00000,0.00000,0.00000,0.00000,0.00000,0.00000,0.00000,1.00000,0.00000,1.00000,1.00000,0.00000,0.00000,1.00000,0.00000,0.00000
0.00000,0.00000,0.00000,0.00000,0.00000,1.00000,0.00000,0.00000,0.00000,0.00000,1.00000,0.00000,0.00000,1.00000,0.00000,0.00000,1.00000,0.00000,0.00000,0.00000
0.00000,0.00000,0.00000,0.00000,0.00000,0.00000,0.00000,0.00000,0.00000,0.00000,1.00000,0.00000,0.00000,0.00000,1.00000,0.00000,0.00000,0.00000,0.00000,0.00000
0.00000,0.00000,0.00000,0.00000,0.00000,1.00000,0.00000,0.00000,0.00000,0.00000,0.00000,0.00000,1.00000,0.00000,1.00000,0.00000,0.00000,0.00000,0.00000,0.00000
1.00000,0.00000,0.00000,1.00000,0.00000,1.00000,0.00000,0.00000,0.00000,0.00000,0.00000,0.00000,1.00000,1.00000,0.00000,0.00000,0.00000,1.00000,0.00000,0.00000
